0.0295785	3	-20.6748	9	10336	28
0.029641	3	-20.6748	2	1632	28
0.0305784	3	-20.6748	9	11424	28
0.0306409	3	-18.5284	2	1632	28
0.0315873	3	-18.5284	10	11968	28
0.0316408	3	-18.5284	2	1632	28
0.0325783	3	-18.5147	9	11424	28
0.0326408	3	-18.5147	2	1632	28
0.0335871	3	-18.5147	10	11968	28
0.0336407	3	-18.047	2	1632	28
0.0345781	3	-18.047	9	11424	28
0.0346406	3	-18.047	2	1632	28
0.0355781	3	-15.349	9	11424	28
0.0356406	3	-15.349	2	2176	28
0.036578	3	-15.349	9	11424	28
0.0366405	3	-21.5941	2	1632	28
0.037578	3	-21.5941	9	11424	28
0.0376404	3	-21.5941	2	1632	28
0.0385868	3	-16.0793	10	11968	28
0.0386404	3	-16.0793	2	1632	28
0.0395778	3	-16.0793	9	11424	28
0.0396403	3	-18.3643	2	1632	28
0.0405867	3	-18.3643	10	11968	28
0.0406403	3	-18.3643	2	1632	28
0.0415777	3	-19.6545	9	11424	28
0.0416402	3	-19.6545	2	1632	28
0.0425776	3	-19.6545	9	11424	28
0.0426401	3	-17.8669	2	1632	28
0.0435865	3	-17.8669	10	11968	28
0.0436401	3	-17.8669	2	1632	28
0.0445775	3	-21.3601	9	11424	28
0.04464	3	-21.3601	2	1632	28
0.0455864	3	-21.3601	10	11968	28
0.0456399	3	-19.4052	2	1632	28
0.0465774	3	-19.4052	9	11424	28
0.0466399	3	-19.4052	2	1632	28
0.0475773	3	-17.0255	9	11424	28
0.0476398	3	-17.0255	2	1632	28
0.0485862	3	-17.0255	10	11968	28
0.0486397	3	-16.9734	2	1632	28
0.0495772	3	-16.9734	9	11424	28
0.0496397	3	-16.9734	2	1632	28
0.050586	3	-21.3288	10	11968	28
0.0506396	3	-21.3288	2	1632	28
0.0515771	3	-21.3288	9	11424	28
0.0516396	3	-19.1603	2	1632	28
0.052577	3	-19.1603	9	11424	28
0.0526395	3	-19.1603	2	2176	28
0.0535769	3	-19.5183	9	11424	28
0.0536394	3	-19.5183	2	1632	28
0.0545769	3	-19.5183	9	11424	28
0.0546394	3	-19.1392	2	1632	28
0.0555857	3	-19.1392	10	11968	28
0.0556393	3	-19.1392	2	1632	28
0.0565767	3	-18.5614	9	11424	28
0.0566392	3	-18.5614	2	1632	28
0.0575856	3	-18.5614	10	11968	28
0.0576392	3	-18.3221	2	1632	28
0.0585766	3	-18.3221	9	11424	28
0.0586391	3	-18.3221	2	1632	28
0.0595765	3	-14.1394	9	11424	28
0.059639	3	-14.1394	2	1632	28
0.0605854	3	-14.1394	10	11968	28
0.060639	3	-21.5956	2	1632	28
0.0615764	3	-21.5956	9	11424	28
0.0616389	3	-21.5956	2	1632	28
0.0625853	3	-17.4232	10	11968	28
0.0626388	3	-17.4232	2	1632	28
0.0635763	3	-17.4232	9	11424	28
0.0636388	3	-15.4705	2	1632	28
0.0645762	3	-15.4705	9	11424	28
0.0646387	3	-15.4705	2	1632	28
0.0655851	3	-21.5951	10	11968	28
0.0656387	3	-21.5951	2	1632	28
0.0665761	3	-21.5951	9	11424	28
0.0666386	3	-14.8943	2	1632	28
0.067585	3	-14.8943	10	11968	28
0.0676385	3	-14.8943	2	1632	28
0.068576	3	-21.663	9	11424	28
0.0686385	3	-21.663	2	1632	28
0.0695759	3	-21.663	9	11424	28
0.0696384	3	-20.9872	2	2176	28
0.0705758	3	-20.9872	9	11424	28
0.0706383	3	-20.9872	2	1632	28
0.0715758	3	-16.2269	9	11424	28
0.0716383	3	-16.2269	2	1632	28
0.0725846	3	-16.2269	10	11968	28
0.0726382	3	-15.4929	2	1632	28
0.0735756	3	-15.4929	9	11424	28
0.0736381	3	-15.4929	2	1632	28
0.0745845	3	-21.149	10	11968	28
0.0746381	3	-21.149	2	1632	28
0.0755755	3	-21.149	9	11424	28
0.075638	3	-20.1641	2	1632	28
0.0765755	3	-20.1641	9	11424	28
0.076638	3	-20.1641	2	1632	28
0.0775843	3	-18.1685	10	11968	28
0.0776379	3	-18.1685	2	1632	28
0.0785753	3	-18.1685	9	11424	28
0.0786378	3	-24.6829	2	1632	28
0.0795842	3	-24.6829	10	11968	28
0.0796378	3	-24.6829	2	1632	28
0.0805752	3	-20.0786	9	11424	28
0.0806377	3	-20.0786	2	1632	28
0.0815751	3	-20.0786	9	11424	28
0.0816376	3	-17.9522	2	2176	28
0.0825751	3	-17.9522	9	11424	28
0.0826376	3	-17.9522	2	1632	28
0.083575	3	-19.3345	9	11424	28
0.0836375	3	-19.3345	2	1632	28
0.0845839	3	-19.3345	10	11968	28
0.0846374	3	-17.9745	2	1632	28
0.0855749	3	-17.9745	9	11424	28
0.0856374	3	-17.9745	2	1632	28
0.0865837	3	-15.5238	10	11968	28
0.0866373	3	-15.5238	2	1632	28
0.0875748	3	-15.5238	9	11424	28
0.0876372	3	-22.8805	2	1632	28
0.0885747	3	-22.8805	9	11424	28
0.0886372	3	-22.8805	2	1632	28
0.0895836	3	-22.0518	10	11968	28
0.0896371	3	-22.0518	2	1632	28
0.0905746	3	-22.0518	9	11424	28
0.0906371	3	-16.3272	2	1632	28
0.0915834	3	-16.3272	10	11968	28
0.091637	3	-16.3272	2	1632	28
0.0925744	3	-19.4959	9	11424	28
0.0926369	3	-19.4959	2	1632	28
0.0935744	3	-19.4959	9	11424	28
0.0936369	3	-18.9601	2	1632	28
0.0945832	3	-18.9601	10	11968	28
0.0946368	3	-18.9601	2	1632	28
0.0955742	3	-22.1508	9	11424	28
0.0956367	3	-22.1508	2	1632	28
0.0965831	3	-22.1508	10	11968	28
0.0966367	3	-19.2843	2	1632	28
0.0975741	3	-19.2843	9	11424	28
0.0976366	3	-19.2843	2	1632	28
0.098574	3	-16.3328	9	11424	28
0.0986365	3	-16.3328	2	2176	28
0.099574	3	-16.3328	9	11424	28
0.0996365	3	-20.5748	2	1632	28
0.100574	3	-20.5748	9	11424	28
0.100636	3	-20.5748	2	1632	28
0.101583	3	-16.8801	10	11968	28
0.101636	3	-16.8801	2	1632	28
0.102574	3	-16.8801	9	11424	28
0.102636	3	-22.0074	2	1632	28
0.103583	3	-22.0074	10	11968	28
0.103636	3	-22.0074	2	1632	28
0.104574	3	-19.7401	9	11424	28
0.104636	3	-19.7401	2	1632	28
0.105574	3	-19.7401	9	11424	28
0.105636	3	-15.6631	2	1632	28
0.106582	3	-15.6631	10	11968	28
0.106636	3	-15.6631	2	1632	28
0.107573	3	-21.1707	9	11424	28
0.107636	3	-21.1707	2	1632	28
0.108582	3	-21.1707	10	11968	28
0.108636	3	-21.3169	2	1632	28
0.109573	3	-21.3169	9	11424	28
0.109636	3	-21.3169	2	1632	28
0.110573	3	-21.3254	9	11424	28
0.110636	3	-21.3254	2	1632	28
0.111582	3	-21.3254	10	11968	28
0.111636	3	-15.9433	2	1632	28
0.112573	3	-15.9433	9	11424	28
0.112636	3	-15.9433	2	1632	28
0.113582	3	-19.186	10	11968	28
0.113636	3	-19.186	2	1632	28
0.114573	3	-19.186	9	11424	28
0.114636	3	-20.1602	2	1632	28
0.115573	3	-20.1602	9	11424	28
0.115635	3	-20.1602	2	2176	28
0.116573	3	-20.3874	9	11424	28
0.116635	3	-20.3874	2	1632	28
0.117573	3	-20.3874	9	11424	28
0.117635	3	-16.7252	2	1632	28
0.118582	3	-16.7252	10	11968	28
0.118635	3	-16.7252	2	1632	28
0.119573	3	-17.3627	9	11424	28
0.119635	3	-17.3627	2	1632	28
0.120582	3	-17.3627	10	11968	28
0.120635	3	-22.4636	2	1632	28
0.121573	3	-22.4636	9	11424	28
0.121635	3	-22.4636	2	1632	28
0.122573	3	-17.0186	9	11424	28
0.122635	3	-17.0186	2	1632	28
0.123581	3	-17.0186	10	11968	28
0.123635	3	-15.4743	2	1632	28
0.124572	3	-15.4743	9	11424	28
0.124635	3	-15.4743	2	1632	28
0.125581	3	-18.6677	10	11968	28
0.125635	3	-18.6677	2	1632	28
0.126572	3	-18.6677	9	11424	28
0.126635	3	-21.8521	2	1632	28
0.127572	3	-21.8521	9	11424	28
0.127635	3	-21.8521	2	2176	28
0.128572	3	-20.4491	9	11424	28
0.128635	3	-20.4491	2	1632	28
0.129501	3	-20.4491	1	1088	28
0.187631	3	-21.0321	2	2176	28
0.188568	3	-21.0321	9	11424	28
0.188631	3	-21.0321	2	1632	28
0.189568	3	-22.5068	9	11424	28
0.189631	3	-22.5068	2	1632	28
0.190577	3	-22.5068	10	11968	28
0.190631	3	-23.3097	2	1632	28
0.191568	3	-23.3097	9	11424	28
0.191631	3	-23.3097	2	1632	28
0.192577	3	-19.4037	10	11968	28
0.192631	3	-19.4037	2	1632	28
0.193568	3	-19.4037	9	11424	28
0.19363	3	-18.439	2	1632	28
0.194568	3	-18.439	9	11424	28
0.19463	3	-18.439	2	1632	28
0.195577	3	-16.638	10	11968	28
0.19563	3	-16.638	2	1632	28
0.196568	3	-16.638	9	11424	28
0.19663	3	-18.8528	2	1632	28
0.197577	3	-18.8528	10	11968	28
0.19763	3	-18.8528	2	1632	28
0.198568	3	-21.1041	9	11424	28
0.19863	3	-21.1041	2	1632	28
0.199568	3	-21.1041	9	11424	28
0.19963	3	-24.0947	2	1632	28
0.200576	3	-24.0947	10	11968	28
0.20063	3	-24.0947	2	1632	28
0.201567	3	-21.4701	9	11424	28
0.20163	3	-21.4701	2	1632	28
0.202576	3	-21.4701	10	11968	28
0.20263	3	-23.4561	2	1632	28
0.203567	3	-23.4561	9	11424	28
0.20363	3	-23.4561	2	1632	28
0.204567	3	-22.5071	9	11424	28
0.20463	3	-22.5071	2	2176	28
0.205567	3	-22.5071	9	11424	28
0.20563	3	-19.9385	2	1632	28
0.206567	3	-19.9385	9	11424	28
0.20663	3	-19.9385	2	1632	28
0.207576	3	-19.1491	10	11968	28
0.20763	3	-19.1491	2	1632	28
0.208567	3	-19.1491	9	11424	28
0.20863	3	-22.2349	2	1632	28
0.209576	3	-22.2349	10	11968	28
0.209629	3	-22.2349	2	1632	28
0.210567	3	-19.4391	9	11424	28
0.210629	3	-19.4391	2	1632	28
0.211567	3	-19.4391	9	11424	28
0.211629	3	-20.7164	2	1632	28
0.212576	3	-20.7164	10	11968	28
0.212629	3	-20.7164	2	1632	28
0.213567	3	-16.1811	9	11424	28
0.213629	3	-16.1811	2	1632	28
0.214576	3	-16.1811	10	11968	28
0.214629	3	-17.5676	2	1632	28
0.215567	3	-17.5676	9	11424	28
0.215629	3	-17.5676	2	1632	28
0.216566	3	-14.8188	9	11424	28
0.216629	3	-14.8188	2	1632	28
0.217575	3	-14.8188	10	11968	28
0.217629	3	-22.5352	2	1632	28
0.218566	3	-22.5352	9	11424	28
0.218629	3	-22.5352	2	1632	28
0.219575	3	-13.3673	10	11968	28
0.219629	3	-13.3673	2	1632	28
0.220566	3	-13.3673	9	11424	28
0.220629	3	-18.5468	2	1632	28
0.221575	3	-18.5468	10	11968	28
0.221629	3	-18.5468	2	1632	28
0.222566	3	-19.3905	9	11424	28
0.222629	3	-19.3905	2	1632	28
0.223566	3	-19.3905	9	11424	28
0.223629	3	-22.0601	2	1632	28
0.224575	3	-22.0601	10	11968	28
0.224628	3	-22.0601	2	1632	28
0.225566	3	-25.007	9	11424	28
0.225628	3	-25.007	2	1632	28
0.226575	3	-25.007	10	11968	28
0.226628	3	-16.5126	2	1632	28
0.227566	3	-16.5126	9	11424	28
0.227628	3	-16.5126	2	1632	28
0.228566	3	-16.0721	9	11424	28
0.228628	3	-16.0721	2	1632	28
0.229575	3	-16.0721	10	11968	28
0.229628	3	-15.3106	2	1632	28
0.230566	3	-15.3106	9	11424	28
0.230628	3	-15.3106	2	1632	28
0.231574	3	-22.1665	10	11968	28
0.231628	3	-22.1665	2	1632	28
0.232565	3	-22.1665	9	11424	28
0.232628	3	-15.2191	2	1632	28
0.233565	3	-15.2191	9	11424	28
0.233628	3	-15.2191	2	2176	28
0.234565	3	-19.8651	9	11424	28
0.234628	3	-19.8651	2	1632	28
0.235565	3	-19.8651	9	11424	28
0.235628	3	-24.0167	2	1632	28
0.236574	3	-24.0167	10	11968	28
0.236628	3	-24.0167	2	1632	28
0.237565	3	-15.9855	9	11424	28
0.237628	3	-15.9855	2	1632	28
0.238574	3	-15.9855	10	11968	28
0.238628	3	-14.2375	2	1632	28
0.239565	3	-14.2375	9	11424	28
0.239628	3	-14.2375	2	1632	28
0.240565	3	-19.8152	9	11424	28
0.240627	3	-19.8152	2	1632	28
0.241574	3	-19.8152	10	11968	28
0.241627	3	-19.3797	2	1632	28
0.242565	3	-19.3797	9	11424	28
0.242627	3	-19.3797	2	1632	28
0.243574	3	-20.0864	10	11968	28
0.243627	3	-20.0864	2	1632	28
0.244565	3	-20.0864	9	11424	28
0.244627	3	-17.1099	2	1632	28
0.245565	3	-17.1099	9	11424	28
0.245627	3	-17.1099	2	1632	28
0.246574	3	-19.9911	10	11968	28
0.246627	3	-19.9911	2	1632	28
0.247565	3	-19.9911	9	11424	28
0.247627	3	-15.0802	2	1632	28
0.248573	3	-15.0802	10	11968	28
0.248627	3	-15.0802	2	1632	28
0.249564	3	-13.8916	9	11424	28
0.249627	3	-13.8916	2	1632	28
0.250564	3	-13.8916	9	11424	28
0.250627	3	-21.7723	2	2176	28
0.251564	3	-21.7723	9	11424	28
0.251627	3	-21.7723	2	1632	28
0.252564	3	-21.6031	9	11424	28
0.252627	3	-21.6031	2	1632	28
0.253573	3	-21.6031	10	11968	28
0.253627	3	-20.051	2	1632	28
0.254564	3	-20.051	9	11424	28
0.254627	3	-20.051	2	1632	28
0.255573	3	-18.4834	10	11968	28
0.255626	3	-18.4834	2	1632	28
0.256564	3	-18.4834	9	11424	28
0.256626	3	-16.6736	2	1632	28
0.257564	3	-16.6736	9	11424	28
0.257626	3	-16.6736	2	1632	28
0.258573	3	-20.2405	10	11968	28
0.258626	3	-20.2405	2	1632	28
0.259564	3	-20.2405	9	11424	28
0.259626	3	-18.6246	2	1632	28
0.260573	3	-18.6246	10	11968	28
0.260626	3	-18.6246	2	1632	28
0.261564	3	-14.5442	9	11424	28
0.261626	3	-14.5442	2	1632	28
0.262564	3	-14.5442	9	11424	28
0.262626	3	-19.9825	2	1632	28
0.263572	3	-19.9825	10	11968	28
0.263626	3	-19.9825	2	1632	28
0.264563	3	-19.9946	9	11424	28
0.264626	3	-19.9946	2	1632	28
0.265572	3	-19.9946	10	11968	28
0.265626	3	-21.1721	2	1632	28
0.266563	3	-21.1721	9	11424	28
0.266626	3	-21.1721	2	1632	28
0.267572	3	-22.7039	10	11968	28
0.267626	3	-22.7039	2	1632	28
0.268563	3	-22.7039	9	11424	28
0.268626	3	-20.1142	2	1632	28
0.269563	3	-20.1142	9	11424	28
0.269626	3	-20.1142	2	1632	28
0.270572	3	-13.7823	10	11968	28
0.270626	3	-13.7823	2	1632	28
0.271563	3	-13.7823	9	11424	28
0.271625	3	-13.5392	2	1632	28
0.272572	3	-13.5392	10	11968	28
0.272625	3	-13.5392	2	1632	28
0.273563	3	-20.4143	9	11424	28
0.273625	3	-20.4143	2	1632	28
0.274563	3	-20.4143	9	11424	28
0.274625	3	-16.2976	2	1632	28
0.275572	3	-16.2976	10	11968	28
0.275625	3	-16.2976	2	1632	28
0.276563	3	-16.0952	9	11424	28
0.276625	3	-16.0952	2	1632	28
0.277572	3	-16.0952	10	11968	28
0.277625	3	-21.9382	2	1632	28
0.278563	3	-21.9382	9	11424	28
0.278625	3	-21.9382	2	1632	28
0.279562	3	-20.6029	9	11424	28
0.279625	3	-20.6029	2	2176	28
0.280562	3	-20.6029	9	11424	28
0.280625	3	-17.9528	2	1632	28
0.281562	3	-17.9528	9	11424	28
0.281625	3	-17.9528	2	1632	28
0.282571	3	-19.2769	10	11968	28
0.282625	3	-19.2769	2	1632	28
0.283562	3	-19.2769	9	11424	28
0.283625	3	-16.1355	2	1632	28
0.284571	3	-16.1355	10	11968	28
0.284625	3	-16.1355	2	1632	28
0.285562	3	-22.594	9	11424	28
0.285625	3	-22.594	2	1632	28
0.286562	3	-22.594	9	11424	28
0.286625	3	-22.4477	2	1632	28
0.287562	3	-22.4477	9	11424	28
0.299008	1	-9.29061	3	3808	28
0.299124	1	-9.10511	2	1632	28
0.30007	1	-9.02842	10	11968	28
0.300124	1	-5.05951	2	1632	28
0.301061	1	-5.15323	9	11424	28
0.301124	1	-5.15493	2	1632	28
0.30207	1	-1.82817	10	11968	28
0.302124	1	-1.82582	2	1632	28
0.303061	1	-1.83112	9	11424	28
0.303123	1	-8.69596	2	1632	28
0.304061	1	-8.78127	9	11424	28
0.304123	1	-8.70068	2	1632	28
0.30507	1	-3.55983	10	11968	28
0.305123	1	-3.58682	2	1632	28
0.306061	1	-3.64191	9	11424	28
0.306123	1	-4.17269	2	1632	28
0.30707	1	-4.20403	10	11968	28
0.307123	1	-4.16587	2	1632	28
0.308061	1	-2.29225	9	11424	28
0.308123	1	-2.30449	2	1632	28
0.309061	1	-2.26592	9	11424	28
0.309123	1	-7.97436	2	1632	28
0.310069	1	-7.98745	10	11968	28
0.310123	1	-8.06142	2	1632	28
0.31106	1	-3.08353	9	11424	28
0.311123	1	-3.08435	2	1632	28
0.312069	1	-3.08806	10	11968	28
0.312123	1	-9.8711	2	1632	28
0.31306	1	-10.0342	9	11424	28
0.313123	1	-9.84116	2	1632	28
0.314069	1	-4.34292	10	11968	28
0.314123	1	-4.33673	2	1632	28
0.31506	1	-4.37358	9	11424	28
0.315123	1	-4.19925	2	1632	28
0.31606	1	-4.08228	9	11424	28
0.316123	1	-4.05255	2	1632	28
0.317069	1	-5.30691	10	11968	28
0.317123	1	-5.22131	2	1632	28
0.31806	1	-5.30051	9	11424	28
0.318122	1	-3.61981	2	1632	28
0.319069	1	-3.60329	10	11968	28
0.319122	1	-3.53497	2	1632	28
0.32006	1	-6.49046	9	11424	28
0.320122	1	-6.45077	2	1632	28
0.32106	1	-6.46235	9	11424	28
0.321122	1	-7.32677	2	1632	28
0.322069	1	-7.22537	10	11968	28
0.322122	1	-7.36067	2	1632	28
0.32306	1	-7.68347	9	11424	28
0.323122	1	-7.66472	2	1632	28
0.324069	1	-7.64715	10	11968	28
0.324122	1	-5.64421	2	1632	28
0.32506	1	-5.5362	9	11424	28
0.325122	1	-5.57558	2	1632	28
0.326059	1	-3.6055	9	11424	28
0.326122	1	-3.65901	2	2176	28
0.327059	1	-3.6336	9	11424	28
0.327122	1	-7.33139	2	1632	28
0.328059	1	-7.3163	9	11424	28
0.328122	1	-7.34646	2	1632	28
0.329068	1	-6.44672	10	11968	28
0.329122	1	-6.58113	2	1632	28
0.330059	1	-6.58381	9	11424	28
0.330122	1	-2.56688	2	1632	28
0.331068	1	-2.60538	10	11968	28
0.331122	1	-2.53163	2	1632	28
0.332059	1	-3.45098	9	11424	28
0.332122	1	-3.50913	2	1632	28
0.333059	1	-3.49653	9	11424	28
0.333122	1	-6.18285	2	1632	28
0.334068	1	-6.15907	10	11968	28
0.334121	1	-6.12332	2	1632	28
0.335059	1	-6.12554	9	11424	28
0.335121	1	-6.05646	2	1632	28
0.336068	1	-6.00454	10	11968	28
0.336121	1	-7.62664	2	1632	28
0.337059	1	-7.52768	9	11424	28
0.337121	1	-7.56862	2	1632	28
0.338059	1	-8.7378	9	11424	28
0.338121	1	-8.57918	2	1632	28
0.339068	1	-8.69397	10	11968	28
0.339121	1	-3.07898	2	1632	28
0.340059	1	-2.99811	9	11424	28
0.340121	1	-3.1929	2	1632	28
0.341067	1	-3.0963	10	11968	28
0.341121	1	-3.01489	2	1632	28
0.342058	1	-3.06347	9	11424	28
0.342121	1	-8.64197	2	1632	28
0.343058	1	-8.60984	9	11424	28
0.343121	1	-8.52545	2	2176	28
0.344058	1	-5.20022	9	11424	28
0.344121	1	-5.18512	2	1632	28
0.345058	1	-5.24849	9	11424	28
0.345121	1	-5.6565	2	1632	28
0.346067	1	-5.60438	10	11968	28
0.346121	1	-5.71978	2	1632	28
0.347058	1	-0.834501	9	11424	28
0.347121	1	-0.855654	2	1632	28
0.348067	1	-0.81765	10	11968	28
0.348121	1	-4.16684	2	1632	28
0.349058	1	-4.13993	9	11424	28
0.349121	1	-4.2293	2	1632	28
0.350058	1	-5.48246	9	11424	28
0.35012	1	-5.62215	2	1632	28
0.351067	1	-5.55901	10	11968	28
0.35112	1	-9.80989	2	1632	28
0.352058	1	-9.96351	9	11424	28
0.35212	1	-9.89841	2	1632	28
0.353067	1	-4.3965	10	11968	28
0.35312	1	-4.37476	2	1632	28
0.354058	1	-4.43931	9	11424	28
0.35412	1	-7.52544	2	1632	28
0.355058	1	-7.51948	9	11424	28
0.35512	1	-7.54544	2	2176	28
0.356058	1	-5.35994	9	11424	28
0.35612	1	-5.31304	2	1632	28
0.357058	1	-5.43717	9	11424	28
0.35712	1	-9.08142	2	1632	28
0.358066	1	-9.1545	10	11968	28
0.35812	1	-9.04986	2	1632	28
0.359057	1	-8.17003	9	11424	28
0.35912	1	-8.08499	2	1632	28
0.360066	1	-8.04848	10	11968	28
0.36012	1	-6.76478	2	1632	28
0.361057	1	-6.80346	9	11424	28
0.36112	1	-6.77619	2	1632	28
0.362057	1	-6.54692	9	11424	28
0.36212	1	-6.54744	2	1632	28
0.363066	1	-6.55887	10	11968	28
0.36312	1	-1.21916	2	1632	28
0.364057	1	-1.26092	9	11424	28
0.36412	1	-1.28171	2	1632	28
0.365066	1	-2.22043	10	11968	28
0.365119	1	-2.2243	2	1632	28
0.366057	1	-2.22128	9	11424	28
0.366119	1	-7.71216	2	1632	28
0.367057	1	-7.62924	9	11424	28
0.367119	1	-7.70371	2	1632	28
0.368066	1	-6.29991	10	11968	28
0.368119	1	-6.35774	2	1632	28
0.369057	1	-6.27413	9	11424	28
0.369119	1	-7.02417	2	1632	28
0.370066	1	-6.90397	10	11968	28
0.370119	1	-6.95785	2	1632	28
0.371057	1	-8.69777	9	11424	28
0.371119	1	-8.70404	2	1632	28
0.372057	1	-8.66904	9	11424	28
0.372119	1	-6.52834	2	2176	28
0.373056	1	-6.7004	9	11424	28
0.373119	1	-6.64253	2	1632	28
0.374056	1	-4.3674	9	11424	28
0.374119	1	-4.46332	2	1632	28
0.375065	1	-4.36606	10	11968	28
0.375119	1	-4.33338	2	1632	28
0.376056	1	-4.27508	9	11424	28
0.376119	1	-4.33584	2	1632	28
0.377065	1	-2.49771	10	11968	28
0.377119	1	-2.48444	2	1632	28
0.378056	1	-2.44768	9	11424	28
0.378119	1	-8.87213	2	1632	28
0.379056	1	-9.0218	9	11424	28
0.379119	1	-9.13181	2	1632	28
0.380065	1	-6.06326	10	11968	28
0.380119	1	-6.18158	2	1632	28
0.381056	1	-6.12975	9	11424	28
0.381118	1	-5.94744	2	1632	28
0.382065	1	-6.02969	10	11968	28
0.382118	1	-6.11311	2	1632	28
0.383056	1	-10.2546	9	11424	28
0.383118	1	-10.2667	2	1632	28
0.384056	1	-10.4645	9	11424	28
0.384118	1	-3.31362	2	1632	28
0.385065	1	-3.33034	10	11968	28
0.385118	1	-3.33619	2	1632	28
0.386056	1	-5.09872	9	11424	28
0.386118	1	-4.96355	2	1632	28
0.387065	1	-5.06095	10	11968	28
0.387118	1	-7.30788	2	1632	28
0.388056	1	-7.33851	9	11424	28
0.388118	1	-7.36075	2	1632	28
0.389055	1	-5.8851	9	11424	28
0.389118	1	-5.92931	2	2176	28
0.390055	1	-5.93607	9	11424	28
0.390118	1	-6.67343	2	1632	28
0.391055	1	-6.63032	9	11424	28
0.391118	1	-6.61178	2	1632	28
0.392064	1	-3.19905	10	11968	28
0.392118	1	-3.25498	2	1632	28
0.393055	1	-3.15235	9	11424	28
0.393118	1	-2.83969	2	1632	28
0.394064	1	-2.78076	10	11968	28
0.394118	1	-2.79002	2	1632	28
0.395055	1	0.980468	9	11424	28
0.395118	1	0.995038	2	1632	28
0.396055	1	0.958949	9	11424	28
0.396118	1	-3.48538	2	1632	28
0.397064	1	-3.49636	10	11968	28
0.397117	1	-3.39313	2	1632	28
0.398055	1	-3.50283	9	11424	28
0.398117	1	-3.52051	2	1632	28
0.399028	1	-3.52093	6	7616	28
0.40551	3	-19.7917	4	4352	28
0.405617	3	-19.7917	2	1632	28
0.406563	3	-19.7917	10	11968	28
0.406617	3	-20.4954	2	1632	28
0.407554	3	-20.4954	9	11424	28
0.407617	3	-20.4954	2	1632	28
0.408554	3	-13.8663	9	11424	28
0.408617	3	-13.8663	2	1632	28
0.409563	3	-13.8663	10	11968	28
0.409617	3	-18.6404	2	1632	28
0.410554	3	-18.6404	9	11424	28
0.410617	3	-18.6404	2	1632	28
0.411563	3	-17.1012	10	11968	28
0.411617	3	-17.1012	2	1632	28
0.412554	3	-17.1012	9	11424	28
0.412616	3	-16.0447	2	1632	28
0.413554	3	-16.0447	9	11424	28
0.413616	3	-16.0447	2	1632	28
0.414563	3	-27.846	10	11968	28
0.414616	3	-27.846	2	1632	28
0.415554	3	-27.846	9	11424	28
0.415616	3	-14.0457	2	1632	28
0.416563	3	-14.0457	10	11968	28
0.416616	3	-14.0457	2	1632	28
0.417554	3	-19.793	9	11424	28
0.417616	3	-19.793	2	1632	28
0.418554	3	-19.793	9	11424	28
0.418616	3	-21.4357	2	2176	28
0.419554	3	-21.4357	9	11424	28
0.419616	3	-21.4357	2	1632	28
0.420553	3	-20.6213	9	11424	28
0.420616	3	-20.6213	2	1632	28
0.421562	3	-20.6213	10	11968	28
0.421616	3	-20.1471	2	1632	28
0.422553	3	-20.1471	9	11424	28
0.422616	3	-20.1471	2	1632	28
0.422982	1	-4.2461	1	1088	28
0.423116	1	-4.28225	2	1632	28
0.423562	3	-18.898	10	11968	28
0.423616	3	-18.898	2	1632	28
0.424053	1	-4.18808	9	11424	28
0.424116	1	-4.62842	2	1632	28
0.424553	3	-18.898	9	11424	28
0.424616	3	-23.6116	2	1632	28
0.425062	1	-4.52576	10	11968	28
0.425116	1	-4.57095	2	1632	28
0.425553	3	-23.6116	9	11424	28
0.425616	3	-23.6116	2	1632	28
0.426053	1	-8.03092	9	11424	28
0.426116	1	-7.87207	2	1632	28
0.426562	3	-19.4835	10	11968	28
0.426616	3	-19.4835	2	1632	28
0.427062	1	-7.94708	10	11968	28
0.427116	1	-3.84567	2	1632	28
0.427553	3	-19.4835	9	11424	28
0.427615	3	-15.5447	2	1632	28
0.428053	1	-3.8499	9	11424	28
0.428115	1	-3.90568	2	1632	28
0.428562	3	-15.5447	10	11968	28
0.428615	3	-15.5447	2	1632	28
0.429053	1	-5.76737	9	11424	28
0.429115	1	-5.56239	2	1632	28
0.429553	3	-17.4626	9	11424	28
0.429615	3	-17.4626	2	1632	28
0.430062	1	-5.5659	10	11968	28
0.430115	1	-3.85225	2	1632	28
0.430553	3	-17.4626	9	11424	28
0.430615	3	-20.8322	2	1632	28
0.431053	1	-3.71259	9	11424	28
0.431115	1	-3.82205	2	1632	28
0.431562	3	-20.8322	10	11968	28
0.431615	3	-20.8322	2	1632	28
0.432062	1	-8.67405	10	11968	28
0.432115	1	-8.43674	2	1632	28
0.432553	3	-19.8139	9	11424	28
0.432615	3	-19.8139	2	1632	28
0.433053	1	-8.61279	9	11424	28
0.433115	1	-1.57607	2	1632	28
0.433562	3	-19.8139	10	11968	28
0.433615	3	-25.5035	2	1632	28
0.434053	1	-1.53891	9	11424	28
0.434115	1	-1.52036	2	2176	28
0.434553	3	-25.5035	9	11424	28
0.434615	3	-25.5035	2	1632	28
0.435053	1	-6.14036	9	11424	28
0.435115	1	-6.18759	2	1632	28
0.435561	3	-16.1291	10	11968	28
0.435615	3	-16.1291	2	1632	28
0.436052	1	-6.12545	9	11424	28
0.436115	1	-5.68547	2	1632	28
0.436552	3	-16.1291	9	11424	28
0.436615	3	-24.382	2	1632	28
0.437061	1	-5.72773	10	11968	28
0.437115	1	-5.6932	2	1632	28
0.437552	3	-24.382	9	11424	28
0.437615	3	-24.382	2	1632	28
0.438052	1	-6.47305	9	11424	28
0.438115	1	-6.41795	2	1632	28
0.438561	3	-15.5213	10	11968	28
0.438615	3	-15.5213	2	1632	28
0.439061	1	-6.45747	10	11968	28
0.439115	1	-5.02314	2	1632	28
0.439552	3	-15.5213	9	11424	28
0.439615	3	-19.6678	2	1632	28
0.440052	1	-5.14265	9	11424	28
0.440115	1	-5.04577	2	1632	28
0.440561	3	-19.6678	10	11968	28
0.440615	3	-19.6678	2	1632	28
0.441052	1	-8.24473	9	11424	28
0.441115	1	-8.32792	2	1632	28
0.441552	3	-15.8712	9	11424	28
0.441615	3	-15.8712	2	1632	28
0.442061	1	-8.2933	10	11968	28
0.442115	1	-7.28588	2	1632	28
0.442552	3	-15.8712	9	11424	28
0.442615	3	-18.1261	2	1632	28
0.443052	1	-7.42265	9	11424	28
0.443114	1	-7.26186	2	1632	28
0.443561	3	-18.1261	10	11968	28
0.443614	3	-18.1261	2	1632	28
0.444061	1	-7.5582	10	11968	28
0.444114	1	-7.61232	2	1632	28
0.444552	3	-17.1423	9	11424	28
0.444614	3	-17.1423	2	1632	28
0.445052	1	-7.61711	9	11424	28
0.445114	1	-5.84218	2	1632	28
0.445561	3	-17.1423	10	11968	28
0.445614	3	-19.3473	2	1632	28
0.446052	1	-5.79959	9	11424	28
0.446114	1	-5.86644	2	1632	28
0.446552	3	-19.3473	9	11424	28
0.446614	3	-19.3473	2	1632	28
0.447061	1	-1.46008	10	11968	28
0.447114	1	-1.45184	2	1632	28
0.447552	3	-21.0683	9	11424	28
0.447614	3	-21.0683	2	2176	28
0.448052	1	-1.45483	9	11424	28
0.448114	1	-9.97382	2	1632	28
0.448552	3	-21.0683	9	11424	28
0.448614	3	-21.0912	2	1632	28
0.449061	1	-9.91946	10	11968	28
0.449114	1	-9.76919	2	1632	28
0.449552	3	-21.0912	9	11424	28
0.449614	3	-21.0912	2	1632	28
0.450052	1	-5.46419	9	11424	28
0.450114	1	-5.44103	2	1632	28
0.45056	3	-15.4884	10	11968	28
0.450614	3	-15.4884	2	1632	28
0.451051	1	-5.33843	9	11424	28
0.451114	1	-6.28207	2	2176	28
0.451551	3	-15.4884	9	11424	28
0.451614	3	-18.5598	2	1632	28
0.452051	1	-6.40754	9	11424	28
0.452114	1	-6.3574	2	1632	28
0.45256	3	-18.5598	10	11968	28
0.452614	3	-18.5598	2	1632	28
0.453051	1	-4.67288	9	11424	28
0.453114	1	-4.87216	2	1632	28
0.453551	3	-18.1162	9	11424	28
0.453614	3	-18.1162	2	1632	28
0.45406	1	-4.8383	10	11968	28
0.454114	1	-6.84484	2	1632	28
0.454551	3	-18.1162	9	11424	28
0.454614	3	-16.7706	2	1632	28
0.455051	1	-6.97552	9	11424	28
0.455114	1	-6.91548	2	1632	28
0.45556	3	-16.7706	10	11968	28
0.455614	3	-16.7706	2	1632	28
0.45606	1	-9.21479	10	11968	28
0.456114	1	-9.03954	2	1632	28
0.456551	3	-19.2831	9	11424	28
0.456614	3	-19.2831	2	1632	28
0.457051	1	-9.0914	9	11424	28
0.457114	1	-7.41675	2	1632	28
0.45756	3	-19.2831	10	11968	28
0.457614	3	-17.1552	2	1632	28
0.458051	1	-7.66052	9	11424	28
0.458114	1	-7.68501	2	1632	28
0.458551	3	-17.1552	9	11424	28
0.458614	3	-17.1552	2	1632	28
0.45906	1	-5.77986	10	11968	28
0.459113	1	-5.68523	2	1632	28
0.459551	3	-21.2201	9	11424	28
0.459613	3	-21.2201	2	1632	28
0.460051	1	-nan	9	11424	28
0.460113	1	-nan	2	1632	28
0.46056	3	-21.2201	10	11968	28
0.460613	3	-22.044	2	1632	28
0.46106	1	-nan	10	11968	28
0.461113	1	-nan	2	1632	28
0.461551	3	-22.044	9	11424	28
0.461613	3	-22.044	2	1632	28
0.462051	1	-nan	9	11424	28
0.462113	1	-nan	2	1632	28
0.46256	3	-12.8898	10	11968	28
0.462613	3	-12.8898	2	1632	28
0.463051	1	-nan	9	11424	28
0.463113	1	-nan	2	1632	28
0.463551	3	-12.8898	9	11424	28
0.463613	3	-20.125	2	1632	28
0.46406	1	-nan	10	11968	28
0.464113	1	-nan	2	1632	28
0.464551	3	-20.125	9	11424	28
0.464613	3	-20.125	2	2176	28
0.465051	1	-nan	9	11424	28
0.465113	1	-nan	2	1632	28
0.465551	3	-23.5864	9	11424	28
0.465613	3	-23.5864	2	1632	28
0.466059	1	-nan	10	11968	28
0.466113	1	-nan	2	1632	28
0.46655	3	-23.5864	9	11424	28
0.466613	3	-21.3702	2	1632	28
0.46705	1	-nan	9	11424	28
0.467113	1	-nan	2	1632	28
0.467559	3	-21.3702	10	11968	28
0.467613	3	-21.3702	2	1632	28
0.468059	1	-nan	10	11968	28
0.468113	1	-nan	2	1632	28
0.46855	3	-14.6305	9	11424	28
0.468613	3	-14.6305	2	1632	28
0.46905	1	-nan	9	11424	28
0.469113	1	-nan	2	1632	28
0.469559	3	-14.6305	10	11968	28
0.469613	3	-19.6323	2	1632	28
0.47005	1	-nan	9	11424	28
0.470113	1	-nan	2	1632	28
0.47055	3	-19.6323	9	11424	28
0.470613	3	-19.6323	2	1632	28
0.471059	1	-nan	10	11968	28
0.471113	1	-nan	2	1632	28
0.47155	3	-18.2024	9	11424	28
0.471613	3	-18.2024	2	1632	28
0.47205	1	-nan	9	11424	28
0.472113	1	-nan	2	1632	28
0.472559	3	-18.2024	10	11968	28
0.472613	3	-16.9492	2	1632	28
0.473059	1	-nan	10	11968	28
0.473113	1	-nan	2	1632	28
0.47355	3	-16.9492	9	11424	28
0.473613	3	-16.9492	2	1632	28
0.47405	1	-nan	9	11424	28
0.474113	1	-nan	2	1632	28
0.474559	3	-16.8013	10	11968	28
0.474612	3	-16.8013	2	1632	28
0.47505	1	-nan	9	11424	28
0.475112	1	-nan	2	1632	28
0.47555	3	-16.8013	9	11424	28
0.475612	3	-19.6317	2	1632	28
0.476059	1	-nan	10	11968	28
0.476112	1	-nan	2	1632	28
0.47655	3	-19.6317	9	11424	28
0.476612	3	-19.6317	2	1632	28
0.47705	1	-nan	9	11424	28
0.477112	1	-nan	2	1632	28
0.477559	3	-21.6728	10	11968	28
0.477612	3	-21.6728	2	1632	28
0.478059	1	-nan	10	11968	28
0.478112	1	-nan	2	1632	28
0.47855	3	-21.6728	9	11424	28
0.478612	3	-16.5104	2	1632	28
0.47905	1	-nan	9	11424	28
0.479112	1	-nan	2	1632	28
0.479559	3	-16.5104	10	11968	28
0.479612	3	-16.5104	2	1632	28
0.48005	1	-nan	9	11424	28
0.480112	1	-nan	2	2176	28
0.48055	3	-21.2301	9	11424	28
0.480612	3	-21.2301	2	1632	28
0.48105	1	-nan	9	11424	28
0.481112	1	-nan	2	1632	28
0.481558	3	-21.2301	10	11968	28
0.481612	3	-16.3399	2	1632	28
0.48205	1	-nan	9	11424	28
0.482112	1	-nan	2	1632	28
0.482549	3	-16.3399	9	11424	28
0.482612	3	-16.3399	2	1632	28
0.483058	1	-nan	10	11968	28
0.483112	1	-nan	2	1632	28
0.483549	3	-21.6761	9	11424	28
0.483612	3	-21.6761	2	1632	28
0.484049	1	-nan	9	11424	28
0.484112	1	-nan	2	1632	28
0.484558	3	-21.6761	10	11968	28
0.484612	3	-17.7243	2	1632	28
0.485058	1	-nan	10	11968	28
0.485112	1	-nan	2	1632	28
0.485549	3	-17.7243	9	11424	28
0.485612	3	-17.7243	2	1632	28
0.486049	1	-nan	9	11424	28
0.486112	1	-nan	2	1632	28
0.486558	3	-18.3694	10	11968	28
0.486612	3	-18.3694	2	1632	28
0.487049	1	-nan	9	11424	28
0.487112	1	-nan	2	1632	28
0.487549	3	-18.3694	9	11424	28
0.487612	3	-17.3793	2	1632	28
0.488058	1	-nan	10	11968	28
0.488112	1	-nan	2	1632	28
0.488549	3	-17.3793	9	11424	28
0.488612	3	-17.3793	2	1632	28
0.489049	1	-nan	9	11424	28
0.489112	1	-nan	2	1632	28
0.489558	3	-19.4865	10	11968	28
0.489612	3	-19.4865	2	1632	28
0.490058	1	-nan	10	11968	28
0.490111	1	-nan	2	1632	28
0.490549	3	-19.4865	9	11424	28
0.490611	3	-20.9836	2	1632	28
0.491049	1	-nan	9	11424	28
0.491111	1	-nan	2	1632	28
0.491558	3	-20.9836	10	11968	28
0.491611	3	-20.9836	2	1632	28
0.492049	1	-nan	9	11424	28
0.492111	1	-nan	2	1632	28
0.492549	3	-21.4299	9	11424	28
0.492611	3	-21.4299	2	1632	28
0.493058	1	-nan	10	11968	28
0.493111	1	-nan	2	1632	28
0.493549	3	-21.4299	9	11424	28
0.493611	3	-16.9461	2	2176	28
0.494049	1	-nan	9	11424	28
0.494111	1	-nan	2	1632	28
0.494549	3	-16.9461	9	11424	28
0.494611	3	-16.9461	2	1632	28
0.495058	1	-nan	10	11968	28
0.495111	1	-nan	2	1632	28
0.495549	3	-15.3784	9	11424	28
0.495611	3	-15.3784	2	1632	28
0.496049	1	-nan	9	11424	28
0.496111	1	-nan	2	1632	28
0.496558	3	-15.3784	10	11968	28
0.496611	3	-17.7922	2	1632	28
0.497049	1	-nan	9	11424	28
0.497111	1	-nan	2	2176	28
0.497549	3	-17.7922	9	11424	28
0.497611	3	-17.7922	2	1632	28
0.498048	1	-nan	9	11424	28
0.498111	1	-nan	2	1632	28
0.498557	3	-13.3373	10	11968	28
0.498611	3	-13.3373	2	1632	28
0.499048	1	-nan	9	11424	28
0.499111	1	-nan	2	1632	28
0.499548	3	-13.3373	9	11424	28
0.499611	3	-19.1525	2	1632	28
0.500057	1	-nan	10	11968	28
0.500102	1	-nan	1	544	28
0.500513	3	-19.1525	5	5440	28
